36 86

1 2 1
1 6 1
1 5 1
2 5 1
2 6 1
5 6 1
5 12 1
5 11 1
6 11 1
6 12 1
11 12 1
11 17 1
11 18 1
12 17 1
12 18 1
17 18 1
17 23 1
17 24 1
18 23 1
18 24 1
23 24 1
23 27 1
23 28 1
24 25 1
24 28 1
24 27 1
24 26 1
25 28 1
25 26 1
19 25 1
19 26 1
19 20 1
13 14 1
13 19 1
13 20 1
7 13 1
7 8 1
7 14 1
8 14 1
8 13 1
14 19 1
14 20 1
20 25 1
20 26 1
26 28 1
4 10 1
4 9 1
3 4 1
3 9 1
3 10 1
9 10 1
9 15 1
9 16 1
10 15 1
10 16 1
15 16 1
15 22 1
15 21 1
16 22 1
16 21 1
21 27 1
21 23 1
21 22 1
22 23 1
22 27 1
27 28 1
27 29 1
27 30 1
28 29 1
28 30 1
29 30 1
29 31 1
29 32 1
30 31 1
30 32 1
31 32 1
31 33 1
31 34 1
32 33 1
32 34 1
33 34 1
33 36 1
33 35 1
34 35 1
34 36 1
35 36 1