1 1 1
2 2 1
3 3 1
4 4 1
5 5 1
6 6 1
7 7 1
8 8 1
9 9 1
10 10 1
11 11 1
12 12 1
13 13 1
14 14 1
15 15 1
16 16 1
17 17 1
18 18 1
19 19 1
20 20 1
21 21 1
22 22 1
23 23 1
24 24 1
25 25 1
26 26 1
27 27 1
28 28 1
29 29 1
30 30 1
31 31 1
32 32 1
33 33 1
34 34 1
35 35 1
36 36 1
37 37 1
38 38 1
39 39 1
40 40 1
41 41 1
42 42 1
43 43 1
44 44 1
45 45 1
46 46 1
47 47 1
48 48 1
49 49 1
50 50 1
51 51 1
52 52 1
53 53 1
54 54 1
55 55 1
56 56 1
57 57 1
58 58 1
59 59 1
60 60 1
61 61 1
62 62 1
63 63 1
64 64 1
65 65 1
66 66 1
67 67 1
68 68 1
69 69 1
70 70 1
71 71 1
72 72 1
73 73 1
74 74 1
75 75 1
76 76 1
77 77 1
78 78 1
79 79 1
80 80 1
81 81 1
82 82 1
83 83 1
84 84 1
85 85 1
54 46 1
46 54 1
39 46 1
46 39 1
44 46 1
46 44 1
53 46 1
46 53 1
47 54 1
54 47 1
53 54 1
54 53 1
58 54 1
54 58 1
61 54 1
54 61 1
62 47 1
47 62 1
61 47 1
47 61 1
69 62 1
62 69 1
61 62 1
62 61 1
68 62 1
62 68 1
70 62 1
62 70 1
70 69 1
69 70 1
78 69 1
69 78 1
44 39 1
39 44 1
32 39 1
39 32 1
38 39 1
39 38 1
31 39 1
39 31 1
53 44 1
44 53 1
38 44 1
44 38 1
37 44 1
44 37 1
45 44 1
44 45 1
58 53 1
53 58 1
45 53 1
53 45 1
50 53 1
53 50 1
61 58 1
58 61 1
68 58 1
58 68 1
50 58 1
58 50 1
59 58 1
58 59 1
64 58 1
58 64 1
68 61 1
61 68 1
70 68 1
68 70 1
64 68 1
68 64 1
72 68 1
68 72 1
75 68 1
68 75 1
75 70 1
70 75 1
78 70 1
70 78 1
23 32 1
32 23 1
31 32 1
32 31 1
37 38 1
38 37 1
31 38 1
38 31 1
29 38 1
38 29 1
30 38 1
38 30 1
45 37 1
37 45 1
42 37 1
37 42 1
35 37 1
37 35 1
30 37 1
37 30 1
27 37 1
37 27 1
42 45 1
45 42 1
50 45 1
45 50 1
50 42 1
42 50 1
48 42 1
42 48 1
40 42 1
42 40 1
35 42 1
42 35 1
59 50 1
50 59 1
56 50 1
50 56 1
48 50 1
50 48 1
64 59 1
59 64 1
63 59 1
59 63 1
56 59 1
59 56 1
72 64 1
64 72 1
63 64 1
64 63 1
75 72 1
72 75 1
79 72 1
72 79 1
71 72 1
72 71 1
73 72 1
72 73 1
63 72 1
72 63 1
78 75 1
75 78 1
79 75 1
75 79 1
79 78 1
78 79 1
82 78 1
78 82 1
71 79 1
79 71 1
82 79 1
79 82 1
83 79 1
79 83 1
80 79 1
79 80 1
73 71 1
71 73 1
80 71 1
71 80 1
63 73 1
73 63 1
80 73 1
73 80 1
74 73 1
73 74 1
65 73 1
73 65 1
56 63 1
63 56 1
65 63 1
63 65 1
57 63 1
63 57 1
48 56 1
56 48 1
57 56 1
56 57 1
40 48 1
48 40 1
57 48 1
48 57 1
49 48 1
48 49 1
35 40 1
40 35 1
49 40 1
40 49 1
41 40 1
40 41 1
33 40 1
40 33 1
33 35 1
35 33 1
27 35 1
35 27 1
28 35 1
35 28 1
83 82 1
82 83 1
84 82 1
82 84 1
80 83 1
83 80 1
85 83 1
83 85 1
84 83 1
83 84 1
76 80 1
80 76 1
74 80 1
80 74 1
84 80 1
80 84 1
81 80 1
80 81 1
74 76 1
76 74 1
66 76 1
76 66 1
81 76 1
76 81 1
77 76 1
76 77 1
65 74 1
74 65 1
66 74 1
74 66 1
66 65 1
65 66 1
57 65 1
65 57 1
57 66 1
66 57 1
77 66 1
66 77 1
67 66 1
66 67 1
60 66 1
66 60 1
49 57 1
57 49 1
51 57 1
57 51 1
60 57 1
57 60 1
52 57 1
57 52 1
51 49 1
49 51 1
41 49 1
49 41 1
43 49 1
49 43 1
52 51 1
51 52 1
43 51 1
51 43 1
33 41 1
41 33 1
34 41 1
41 34 1
43 41 1
41 43 1
36 41 1
41 36 1
28 33 1
33 28 1
34 33 1
33 34 1
25 33 1
33 25 1
31 23 1
23 31 1
21 23 1
23 21 1
15 23 1
23 15 1
14 23 1
23 14 1
29 31 1
31 29 1
21 31 1
31 21 1
22 31 1
31 22 1
30 29 1
29 30 1
22 29 1
29 22 1
24 29 1
29 24 1
27 30 1
30 27 1
24 30 1
30 24 1
28 27 1
27 28 1
24 27 1
27 24 1
20 27 1
27 20 1
25 28 1
28 25 1
20 28 1
28 20 1
16 28 1
28 16 1
25 34 1
34 25 1
36 34 1
34 36 1
26 34 1
34 26 1
16 25 1
25 16 1
17 25 1
25 17 1
26 25 1
25 26 1
14 21 1
21 14 1
22 21 1
21 22 1
13 21 1
21 13 1
14 15 1
15 14 1
3 15 1
15 3 1
4 15 1
15 4 1
3 14 1
14 3 1
5 14 1
14 5 1
13 14 1
14 13 1
5 3 1
3 5 1
1 3 1
3 1 1
2 3 1
3 2 1
4 3 1
3 4 1
13 5 1
5 13 1
6 5 1
5 6 1
1 5 1
5 1 1
24 22 1
22 24 1
1 22 1
22 1 1
13 22 1
22 13 1
20 24 1
24 20 1
1 24 1
24 1 1
16 20 1
20 16 1
17 20 1
20 17 1
1 20 1
20 1 1
1 20 1
20 1 1
17 16 1
16 17 1
18 17 1
17 18 1
26 17 1
17 26 1
11 17 1
17 11 1
12 17 1
17 12 1
1 17 1
17 1 1
26 18 1
18 26 1
19 18 1
18 19 1
11 18 1
18 11 1
12 18 1
18 12 1
84 85 1
85 84 1
81 84 1
84 81 1
77 81 1
81 77 1
67 77 1
77 67 1
55 67 1
67 55 1
60 67 1
67 60 1
60 55 1
55 60 1
52 60 1
60 52 1
43 52 1
52 43 1
36 43 1
43 36 1
26 36 1
36 26 1
19 26 1
26 19 1
10 19 1
19 10 1
11 19 1
19 11 1
11 10 1
10 11 1
7 11 1
11 7 1
12 11 1
11 12 1
12 7 1
7 12 1
1 12 1
12 1 1
1 1 1
1 1 1
13 1 1
1 13 1
6 13 1
13 6 1
1 6 1
6 1 1
2 1 1
1 2 1
4 2 1
2 4 1
